2.631149 -0.637987 -0.567824 1.573892 2.481632 3.049196 0.718777 1.194476 2.634935 -0.607539 -0.111995 -0.109335 
2.915051 2.196034 2.152677 1.722076 1.873498 1.420223 1.437526 1.140313 0.914261 0.481092 0.328903 0.076862 
3.107372 1.194175 1.332671 0.969065 0.733096 0.117551 1.066814 1.746971 1.825453 -0.134020 0.146135 0.048828 
4.023382 0.148938 1.020501 4.290871 0.101592 -3.944160 -0.457201 0.034579 -0.472424 -1.099578 -0.145778 0.081013 
4.521177 -0.943811 -1.364142 2.369636 2.794309 0.629724 1.755968 2.428565 0.752327 -0.770698 -0.461749 0.029537 
2.813432 2.009177 2.264263 0.966780 2.100947 1.254942 1.620542 0.528774 0.716565 0.346695 0.352562 0.089229 
3.290275 1.056266 1.751523 0.045579 0.022152 1.003408 2.427280 0.819496 0.999019 0.586872 0.192123 0.021808 
5.069550 0.196566 -1.274398 0.615355 0.396948 -1.203632 0.578474 1.612886 0.789034 -0.635672 -0.271332 -0.004056 
3.312774 0.158508 -0.125678 1.018755 3.588892 2.918335 1.519322 0.921377 1.758786 -0.104085 -0.109310 0.003506 
2.825451 2.061886 2.367383 1.101802 2.102237 0.707708 0.957273 0.454431 0.974533 0.378975 0.330051 0.087003 
2.820558 1.935942 2.212522 0.870197 1.796304 0.773569 1.638424 0.841061 1.107175 0.443545 0.339311 0.087331 
3.642264 -0.434731 0.583410 3.234420 2.877331 -0.521964 -0.457203 1.890102 1.324507 -0.218944 -0.168076 0.012049 
3.887542 1.013834 0.379026 1.865064 2.774266 1.406658 1.696756 2.286048 1.120101 -0.341505 -0.229273 0.053749 
2.791159 2.044516 2.357693 0.898632 2.040100 0.434149 1.459289 0.636910 0.533202 0.348123 0.327614 0.086895 
2.853172 1.173785 2.110295 0.818491 1.084193 0.034461 1.661106 1.937315 0.631905 -0.020096 0.274986 0.050674 
5.526932 1.228081 -1.342944 0.101374 2.012070 -0.876641 -0.578131 0.170301 0.363815 -0.267823 -0.172153 0.035169 
3.570363 -0.553748 -0.786218 0.922973 2.949970 2.466638 0.047866 1.580257 1.798417 -0.826719 -0.359373 -0.071670 
2.758822 2.043980 2.099005 1.186132 1.513952 1.004477 1.156140 0.803891 0.745123 0.364699 0.304223 0.068218 
3.120256 1.515308 1.688049 0.471648 1.047446 0.372037 1.418103 1.223754 1.469053 0.384319 0.162770 0.054498 
3.901607 2.022230 2.193699 3.519351 2.280462 -0.759683 -0.136239 0.629405 0.101241 -0.651396 0.002765 0.053019 
4.327799 -0.344532 -1.578463 1.025398 2.854098 1.396814 1.254587 1.890841 0.899659 -0.796209 -0.388467 -0.018887 
2.801123 2.005493 2.283843 0.887572 1.540289 0.866253 1.405415 0.132412 0.795220 0.323964 0.316751 0.089865 
3.793321 0.270137 0.970548 -1.202091 -1.468667 0.635190 1.384053 1.325922 1.264034 0.139617 0.098994 0.020602 
4.489046 0.962623 0.738057 2.320621 0.869233 -2.154037 -0.759317 0.323039 -0.289522 -0.850567 -0.086827 0.133271 
3.586143 0.961854 0.444901 1.497595 3.038169 1.972561 1.419953 1.525654 1.352637 -0.019000 -0.183373 0.004130 
2.785075 2.087082 2.178493 1.161089 1.653739 0.921616 0.951217 0.418199 0.451320 0.262226 0.290292 0.067824 
2.892328 1.881387 1.990287 0.606764 1.262834 0.289908 0.988788 0.576862 0.829539 0.252158 0.248339 0.081334 
3.587495 2.810900 2.315463 1.770641 3.460903 0.321714 0.407369 0.492670 -0.309501 -0.465168 -0.078789 -0.027162 
3.338613 1.671517 1.363947 1.250180 1.833690 1.560998 2.033351 1.578791 0.958788 0.110303 0.141671 0.058935 
2.876771 2.040083 2.256567 0.807000 1.710404 0.338669 0.834127 0.049404 0.431897 0.178407 0.269242 0.087463 
4.261333 1.976284 0.302885 -0.146105 1.515232 1.168112 1.916685 0.873789 -0.068765 -0.261601 0.067365 0.065133 
4.155103 2.111211 -0.272641 -0.826922 0.589322 -0.251006 0.228552 -0.327730 -0.666222 -0.182144 0.087904 0.110972 
