1.000000e+000 0.000000e+000 0.000000e+000 0.000000e+000 0.000000e+000 

7.636379e-001 2.363621e-001 0.000000e+000 0.000000e+000 0.000000e+000 
0.000000e+000 8.339301e-001 1.660699e-001 0.000000e+000 0.000000e+000 
0.000000e+000 0.000000e+000 8.732595e-001 1.267405e-001 0.000000e+000 
0.000000e+000 0.000000e+000 0.000000e+000 9.359108e-001 6.408921e-002 
0.000000e+000 0.000000e+000 0.000000e+000 0.000000e+000 1.000000e+000 

1.000000e-015 3.888292e-002 1.000000e-015 1.000000e-015 1.838846e-009 1.289989e-001 2.411764e-007 7.067486e-011 1.000000e-015 8.444735e-002 2.191301e-001 1.231141e-010 1.551954e-010 1.141355e-001 1.000000e-015 8.359813e-009 1.000000e-015 1.326576e-001 1.381371e-006 1.000000e-015 3.585627e-009 1.293836e-001 5.224562e-013 1.000000e-015 2.006962e-010 4.642764e-002 4.145446e-002 1.000000e-015 1.746378e-002 3.490627e-002 5.917661e-008 1.211018e-002 
1.000000e-015 6.691890e-002 1.087682e-013 1.000000e-015 3.300918e-008 1.682021e-001 1.594067e-004 1.431147e-009 1.000000e-015 8.102229e-002 2.391967e-001 2.574850e-009 3.333452e-009 9.352065e-002 6.891942e-012 1.398807e-007 1.000000e-015 1.955818e-001 1.896803e-004 1.000000e-015 6.540002e-008 7.851810e-002 1.342912e-011 1.000000e-015 3.995933e-009 5.100516e-002 7.635648e-003 1.000000e-015 1.034971e-003 1.691324e-002 4.414345e-006 9.665814e-005 
1.000000e-015 5.834797e-002 1.120014e-008 1.000000e-015 2.928029e-007 1.787310e-001 2.202738e-003 1.431146e-008 1.000000e-015 8.743178e-002 2.471020e-001 2.663194e-008 3.550450e-008 7.906904e-002 3.938533e-007 1.154094e-006 1.000000e-015 1.846389e-001 3.559957e-003 1.000000e-015 5.895945e-007 6.610489e-002 1.712098e-010 1.000000e-015 5.277300e-008 3.685565e-002 1.133617e-002 1.000000e-015 6.259572e-003 3.789707e-002 4.579915e-004 2.715275e-006 
1.000000e-015 6.108799e-002 1.371111e-003 1.000000e-015 1.711543e-006 1.958767e-001 1.325776e-003 9.421712e-008 1.000000e-015 1.098065e-001 2.267136e-001 1.816237e-007 2.500360e-007 6.863542e-002 8.671268e-004 6.259399e-006 1.000000e-015 1.618431e-001 7.950199e-003 1.000000e-015 3.503166e-006 6.720712e-002 1.441118e-009 1.000000e-015 3.517283e-005 2.831025e-002 3.088375e-002 1.000000e-015 5.649856e-003 2.955113e-002 2.859186e-003 1.396270e-005 
1.000000e-015 2.912847e-002 2.844160e-003 1.000000e-015 1.914416e-002 1.087417e-001 5.178886e-002 4.480420e-003 4.486895e-004 4.081825e-002 1.485379e-001 2.068776e-002 6.248630e-002 4.929463e-002 7.216213e-003 2.270536e-002 4.291012e-004 8.469924e-002 4.342009e-002 2.190660e-004 7.389213e-002 3.538577e-002 5.760559e-003 1.000000e-015 2.032171e-002 2.965361e-002 1.908266e-002 2.197935e-004 4.608815e-002 1.299070e-002 3.064016e-002 2.887446e-002 
