1.000000e+000 0.000000e+000 0.000000e+000 0.000000e+000 0.000000e+000 

7.835447e-001 2.164553e-001 0.000000e+000 0.000000e+000 0.000000e+000 
0.000000e+000 8.315811e-001 1.684189e-001 0.000000e+000 0.000000e+000 
0.000000e+000 0.000000e+000 8.835881e-001 1.164119e-001 0.000000e+000 
0.000000e+000 0.000000e+000 0.000000e+000 9.375266e-001 6.247343e-002 
0.000000e+000 0.000000e+000 0.000000e+000 0.000000e+000 1.000000e+000 

1.000000e-015 8.597859e-003 1.408262e-015 1.000000e-015 1.000000e-015 6.437577e-002 5.898874e-008 1.000000e-015 1.000000e-015 8.197624e-003 5.234438e-002 1.000000e-015 1.000000e-015 7.034367e-002 2.471052e-011 1.000000e-015 1.000000e-015 1.580970e-001 1.226902e-002 1.000000e-015 1.000000e-015 1.482480e-001 1.000000e-015 1.000000e-015 1.000000e-015 7.622543e-002 2.321015e-001 1.000000e-015 9.548308e-006 1.429445e-001 9.455690e-008 2.624557e-002 
1.000000e-015 1.269320e-002 5.699332e-010 1.000000e-015 1.000000e-015 4.848914e-002 2.193172e-004 1.000000e-015 1.000000e-015 3.837334e-002 7.841786e-002 1.000000e-015 1.000000e-015 4.995437e-002 3.754231e-008 1.000000e-015 1.000000e-015 1.588543e-001 1.040878e-002 1.000000e-015 1.000000e-015 1.590350e-001 1.000000e-015 1.000000e-015 8.633218e-012 9.927542e-002 2.279617e-001 1.000000e-015 4.382703e-004 1.153350e-001 3.144408e-004 2.297735e-004 
1.000000e-015 1.599630e-002 1.824492e-006 1.000000e-015 1.000000e-015 3.354908e-002 2.989777e-003 1.000000e-015 1.000000e-015 3.008464e-002 7.119625e-002 1.000000e-015 1.977891e-012 5.041024e-002 1.034733e-004 1.000000e-015 1.000000e-015 1.815099e-001 1.719723e-002 1.000000e-015 1.000000e-015 1.540895e-001 3.475397e-013 1.000000e-015 8.505426e-008 9.529870e-002 2.405126e-001 1.000000e-015 1.707332e-003 1.040850e-001 1.268154e-003 1.000000e-015 
2.257888e-009 7.620754e-003 1.212931e-004 1.000000e-015 1.000000e-015 3.674488e-002 4.526863e-003 1.000000e-015 1.000000e-015 2.610968e-002 6.872110e-002 1.000000e-015 6.030828e-007 5.697744e-002 9.434861e-003 1.000000e-015 1.000000e-015 1.558611e-001 1.368920e-002 1.000000e-015 1.000000e-015 1.561944e-001 9.845572e-008 1.000000e-015 2.067824e-005 1.147294e-001 2.356607e-001 1.000000e-015 6.667003e-004 1.118759e-001 1.044376e-003 1.000000e-015 
7.652765e-002 4.725225e-002 1.551376e-002 1.000000e-015 1.000000e-015 1.994221e-002 1.449296e-002 2.062875e-004 5.209904e-002 1.948293e-002 5.992855e-002 3.959522e-003 4.445484e-003 2.565862e-002 1.888083e-002 1.000000e-015 5.399245e-002 9.903873e-002 7.098213e-002 1.000000e-015 3.512850e-003 7.355219e-002 2.485378e-002 1.000000e-015 6.669837e-002 3.682075e-002 1.427006e-001 1.000000e-015 1.571141e-002 4.951609e-002 3.783347e-003 4.471960e-004 
