1.000000e+000 0.000000e+000 0.000000e+000 0.000000e+000 0.000000e+000 

7.791802e-001 2.208198e-001 0.000000e+000 0.000000e+000 0.000000e+000 
0.000000e+000 8.273213e-001 1.726787e-001 0.000000e+000 0.000000e+000 
0.000000e+000 0.000000e+000 8.673369e-001 1.326631e-001 0.000000e+000 
0.000000e+000 0.000000e+000 0.000000e+000 9.225687e-001 7.743125e-002 
0.000000e+000 0.000000e+000 0.000000e+000 0.000000e+000 1.000000e+000 

1.000000e-015 2.045605e-002 1.000000e-015 1.000000e-015 1.000000e-015 7.624818e-002 9.552588e-003 1.000000e-015 1.000000e-015 1.448885e-001 8.122602e-002 1.000000e-015 1.000000e-015 1.793367e-001 2.641183e-012 1.000000e-015 1.000000e-015 1.354936e-001 3.418009e-004 1.000000e-015 1.000000e-015 9.445479e-002 2.075345e-013 1.000000e-015 3.328031e-004 9.657781e-002 5.530441e-002 1.000000e-015 7.336206e-004 8.096190e-002 1.000000e-015 2.409117e-002 
1.000000e-015 2.734162e-002 1.000000e-015 1.000000e-015 1.000000e-015 9.434398e-002 1.780052e-003 1.000000e-015 1.000000e-015 1.269486e-001 7.069899e-002 5.150253e-014 1.000000e-015 1.545757e-001 1.964477e-006 2.125727e-009 1.000000e-015 1.515434e-001 3.401382e-003 1.000000e-015 1.000000e-015 8.110402e-002 8.735138e-010 5.071928e-015 7.556599e-003 1.296829e-001 4.672996e-002 1.000000e-015 6.078714e-003 9.797313e-002 1.000000e-015 2.390840e-004 
1.000000e-015 1.991889e-002 1.744405e-011 1.000000e-015 1.000000e-015 1.012486e-001 7.342821e-006 1.000000e-015 1.000000e-015 1.278656e-001 5.406962e-002 7.421848e-008 1.000000e-015 1.247924e-001 6.770197e-004 6.190214e-005 1.000000e-015 1.478063e-001 3.596005e-003 3.541503e-014 1.000000e-015 8.036628e-002 1.447629e-005 7.174245e-010 4.640554e-003 1.441546e-001 6.382901e-002 1.000000e-015 3.048677e-003 1.239027e-001 1.000000e-015 1.000000e-015 
1.000000e-015 1.906706e-002 2.244881e-005 2.607879e-013 1.000000e-015 9.394783e-002 4.935557e-006 1.000000e-015 1.000000e-015 1.131761e-001 6.872313e-002 3.832121e-005 1.000000e-015 1.299379e-001 9.696786e-003 2.233598e-003 1.000000e-015 1.341455e-001 8.031389e-003 2.781599e-010 1.000000e-015 6.805088e-002 1.088054e-003 2.011657e-008 1.108917e-004 1.557014e-001 7.819741e-002 1.000000e-015 2.407951e-003 1.154184e-001 8.945928e-013 1.051225e-015 
1.000000e-015 5.665005e-002 3.006615e-002 5.836844e-002 1.000000e-015 6.552095e-002 6.205346e-004 1.000000e-015 1.000000e-015 9.159288e-002 5.852393e-002 1.077127e-003 6.615277e-004 8.642481e-002 1.731467e-002 6.251624e-004 1.000000e-015 1.332471e-001 3.849956e-002 5.238707e-002 1.000000e-015 5.907337e-002 2.810099e-004 2.114793e-002 4.180480e-004 9.422318e-002 6.388750e-002 2.093990e-003 6.592281e-003 5.967046e-002 4.031648e-004 6.291454e-004 
