1.000000e+000 0.000000e+000 0.000000e+000 0.000000e+000 0.000000e+000 

7.808198e-001 2.191802e-001 0.000000e+000 0.000000e+000 0.000000e+000 
0.000000e+000 8.347400e-001 1.652600e-001 0.000000e+000 0.000000e+000 
0.000000e+000 0.000000e+000 8.808700e-001 1.191300e-001 0.000000e+000 
0.000000e+000 0.000000e+000 0.000000e+000 9.353648e-001 6.463519e-002 
0.000000e+000 0.000000e+000 0.000000e+000 0.000000e+000 1.000000e+000 

1.000000e-015 4.717062e-003 1.000000e-015 1.000000e-015 8.247907e-010 9.862810e-002 6.940926e-003 1.284811e-009 1.000000e-015 1.060136e-001 8.335949e-002 1.000000e-015 2.404335e-010 1.181605e-001 6.710887e-004 8.227533e-010 1.000000e-015 7.318961e-002 3.431070e-003 1.000000e-015 1.380359e-010 1.636176e-001 1.000000e-015 6.582028e-010 2.315939e-011 1.474569e-001 1.011460e-001 1.000000e-015 4.232002e-011 8.202956e-002 4.526355e-009 1.063840e-002 
1.000000e-015 1.037677e-002 1.410249e-011 1.000000e-015 1.581437e-008 7.870196e-002 6.791714e-003 2.340039e-008 1.000000e-015 1.366559e-001 5.656469e-002 1.000000e-015 4.896429e-009 1.159866e-001 1.509950e-003 1.439821e-008 1.000000e-015 1.355508e-001 1.869007e-003 1.000000e-015 2.691682e-009 1.493905e-001 1.000000e-015 1.168308e-008 4.979070e-010 1.291901e-001 7.335042e-002 1.000000e-015 9.275736e-010 1.010114e-001 2.072618e-006 3.048067e-003 
1.000000e-015 9.058320e-003 6.858988e-008 1.000000e-015 1.497302e-007 8.281823e-002 2.324754e-003 2.101981e-007 1.000000e-015 1.189373e-001 6.407900e-002 1.000000e-015 4.926302e-008 1.391290e-001 1.510934e-003 3.194073e-007 1.000000e-015 1.162027e-001 2.966583e-003 1.000000e-015 2.590743e-008 1.661160e-001 1.000000e-015 1.022270e-007 5.290252e-009 1.312979e-001 6.725804e-002 1.000000e-015 4.389044e-008 9.717694e-002 9.867691e-005 1.024556e-003 
1.000000e-015 4.707797e-003 6.536916e-005 1.000000e-015 9.332528e-007 6.425332e-002 9.687864e-004 1.241403e-006 1.000000e-015 1.030495e-001 6.786169e-002 1.000000e-015 3.264352e-007 1.363398e-001 1.489506e-003 3.512078e-004 1.000000e-015 1.168828e-001 2.676912e-003 1.000000e-015 1.640804e-007 1.529620e-001 1.000000e-015 5.878051e-007 3.703176e-008 1.605342e-001 6.874368e-002 1.000000e-015 1.513130e-005 1.159023e-001 2.933639e-003 2.590514e-004 
1.000000e-015 2.809161e-002 5.246574e-003 1.000000e-015 4.736848e-002 5.520636e-002 2.516668e-002 2.164876e-002 2.150414e-004 6.020945e-002 6.980440e-002 1.000000e-015 3.748598e-002 8.802830e-002 1.037609e-002 1.696591e-002 1.000000e-015 7.920930e-002 4.631343e-002 1.000000e-015 4.597895e-003 8.579583e-002 6.615771e-004 4.620574e-003 6.784251e-003 8.192383e-002 6.174184e-002 1.000000e-015 5.062912e-002 5.221700e-002 3.699354e-002 2.269821e-002 
