1.000000e+000 0.000000e+000 0.000000e+000 0.000000e+000 0.000000e+000 

7.703547e-001 2.296453e-001 0.000000e+000 0.000000e+000 0.000000e+000 
0.000000e+000 8.330865e-001 1.669135e-001 0.000000e+000 0.000000e+000 
0.000000e+000 0.000000e+000 8.732240e-001 1.267760e-001 0.000000e+000 
0.000000e+000 0.000000e+000 0.000000e+000 9.313750e-001 6.862504e-002 
0.000000e+000 0.000000e+000 0.000000e+000 0.000000e+000 1.000000e+000 

1.000000e-015 4.535816e-003 2.053956e-012 1.000000e-015 1.000000e-015 1.153001e-001 3.314617e-013 1.000000e-015 1.000000e-015 1.025786e-001 4.395254e-002 1.000000e-015 1.000000e-015 1.611913e-001 6.558496e-008 1.000000e-015 1.000000e-015 1.273007e-001 3.628634e-003 1.000000e-015 1.000000e-015 9.240669e-002 1.000000e-015 1.000000e-015 1.000000e-015 1.299515e-001 2.648860e-002 1.000000e-015 3.888336e-010 8.045042e-002 1.000000e-015 1.122150e-001 
1.000000e-015 1.081621e-002 4.931636e-006 1.000000e-015 1.000000e-015 1.298300e-001 4.877529e-007 1.000000e-015 1.000000e-015 1.011047e-001 5.907788e-002 1.000000e-015 1.000000e-015 1.245234e-001 9.777366e-005 1.000000e-015 1.000000e-015 1.420492e-001 1.302936e-002 1.000000e-015 1.000000e-015 1.051929e-001 4.764285e-011 1.000000e-015 1.000000e-015 1.409823e-001 5.365797e-002 1.000000e-015 7.730788e-006 1.187331e-001 1.000000e-015 8.921623e-004 
1.000000e-015 1.198014e-002 8.575301e-004 1.000000e-015 1.000000e-015 1.058883e-001 1.392428e-004 4.366853e-013 1.000000e-015 1.051645e-001 5.717083e-002 4.652552e-010 1.000000e-015 1.274882e-001 1.721830e-003 1.000000e-015 1.000000e-015 1.129814e-001 3.109437e-003 1.000000e-015 1.000000e-015 1.261747e-001 2.141850e-006 1.000000e-015 1.000000e-015 1.368425e-001 6.897996e-002 1.000000e-015 6.295652e-004 1.403058e-001 1.000000e-015 5.639637e-004 
1.000000e-015 9.931892e-003 7.192139e-003 1.000000e-015 1.000000e-015 1.149176e-001 3.801320e-003 1.510487e-007 1.000000e-015 9.713066e-002 5.701059e-002 1.314849e-007 2.510944e-015 1.289730e-001 7.771820e-003 1.000000e-015 1.000000e-015 1.143749e-001 6.882758e-003 1.000000e-015 1.000000e-015 1.140757e-001 2.995239e-004 1.000000e-015 1.000000e-015 1.402123e-001 7.214961e-002 1.000000e-015 1.907222e-003 1.221359e-001 1.000000e-015 1.232707e-003 
2.024110e-004 4.622932e-002 1.081090e-001 1.000000e-015 1.533205e-003 8.100150e-002 6.158611e-003 5.377262e-002 4.207254e-004 8.155004e-002 6.874283e-002 9.688053e-003 1.742826e-003 7.769136e-002 4.654354e-002 1.000000e-015 6.444763e-004 8.173669e-002 4.610654e-002 1.000000e-015 1.073855e-003 5.890584e-002 2.361813e-003 1.000000e-015 2.995308e-003 9.338955e-002 4.784963e-002 2.024110e-004 2.780784e-002 5.222001e-002 1.319952e-003 1.544751e-010 
